GroupsCount: 0

ShapesCount: 5

[Polygon]
Position: 804 398
Size: 140 140
IsClosed: 1
GroupId: NONE
AnchorOffset: 0 0
Rotation: 0
FillColor: 242 20 79 199
SideColorsCount: 4
  102 64 68 255
  196 107 208 255
  50 183 48 255
  34 161 59 255
SideThicknessesCount: 4
  20 12 27 23 
PointsCount: 4
  -1 -1
  1 -1
  1 1
  -1 1

[Polygon]
Position: 452 307
Size: 150 170
IsClosed: 1
GroupId: NONE
AnchorOffset: 0 0
Rotation: 0
FillColor: 216 188 57 100
SideColorsCount: 3
  0 255 27 255
  38 189 153 255
  37 98 87 255
SideThicknessesCount: 3
  32.625 11.9531 50 
PointsCount: 3
  0 -1
  1 1
  -1 1

[Polygon]
Position: 413 783
Size: 140 200
IsClosed: 1
GroupId: NONE
AnchorOffset: 0 0
Rotation: 0
FillColor: 168 70 221 100
SideColorsCount: 4
  30 30 188 255
  90 220 174 255
  195 42 42 255
  207 212 55 255
SideThicknessesCount: 4
  17.3125 21.9063 50 33.3906 
PointsCount: 4
  -0.6 -1
  0.6 -1
  1 1
  -1 1

[Polygon]
Position: 1048 830
Size: 300 200
IsClosed: 1
GroupId: NONE
AnchorOffset: 0 0
Rotation: 0
FillColor: 29 34 182 100
SideColorsCount: 5
  225 28 28 255
  85 210 25 255
  67 210 159 255
  15 66 208 255
  125 28 155 255
SideThicknessesCount: 5
  50 36.4531 25.7344 15.7813 40.2813 
PointsCount: 5
  -4.37114e-08 -1
  0.951057 -0.309017
  0.587785 0.809017
  -0.587785 0.809017
  -0.951057 -0.309017

[Circle]
Position: 989 198
Size: 400 400
IsClosed: 1
GroupId: NONE
AnchorOffset: 200 200
Rotation: 0
FillColor: 239 185 242 255
SideColorsCount: 1
  172 60 124 255
SideThicknessesCount: 1
  16 
PointsCount: 64
  1 0.5
  0.997592 0.549009
  0.990392 0.597545
  0.97847 0.645142
  0.961939 0.691342
  0.940961 0.735698
  0.915735 0.777785
  0.886505 0.817197
  0.853553 0.853553
  0.817197 0.886505
  0.777785 0.915735
  0.735698 0.940961
  0.691342 0.96194
  0.645142 0.97847
  0.597545 0.990393
  0.549008 0.997592
  0.5 1
  0.450991 0.997592
  0.402455 0.990393
  0.354858 0.97847
  0.308658 0.96194
  0.264302 0.940961
  0.222215 0.915735
  0.182803 0.886505
  0.146447 0.853553
  0.113495 0.817197
  0.0842648 0.777785
  0.0590393 0.735698
  0.0380602 0.691342
  0.0215295 0.645142
  0.00960754 0.597545
  0.00240768 0.549009
  0 0.5
  0.00240768 0.450991
  0.00960754 0.402455
  0.0215302 0.354857
  0.0380602 0.308658
  0.0590393 0.264302
  0.0842648 0.222215
  0.113495 0.182803
  0.146447 0.146447
  0.182803 0.113495
  0.222215 0.0842651
  0.264302 0.0590393
  0.308658 0.0380602
  0.354858 0.0215299
  0.402455 0.00960735
  0.450992 0.00240765
  0.5 0
  0.549008 0.00240765
  0.597545 0.00960735
  0.645142 0.0215299
  0.691342 0.0380603
  0.735698 0.0590393
  0.777785 0.0842653
  0.817197 0.113495
  0.853553 0.146447
  0.886505 0.182803
  0.915735 0.222215
  0.940961 0.264302
  0.961939 0.308658
  0.97847 0.354858
  0.990392 0.402455
  0.997592 0.450992
